           2
          28
           1           1   7442.48402381117372880516442829116      
  -1608.34304795507825680335114697557      
           1           2   30172.2325289642178194803963309101      
  -10218.7717252799994261698754333101      
           1           3   25812.0833195763250710005702715300      
  -4930.66691251560613551376841627461      
           1           4   40920.8969116316147429745720508559      
  -8867.15840612100110214489643045155      
           1           5   25812.0833195763250710005702715300      
  -5637.70289477766763975025903696226      
           1           6   40920.8969116316147429745720508559      
  -9070.65214444872343859516485357595      
           1           7   37642.6215077154740618758316459813      
  -7901.20872959808624288380114264304      
           1           8   163093.148805211988213407547734649      
  -61216.3520042786769196934576894825      
           1           9   104643.581025309425963515825425122      
  -34534.0936478499524318078323465745      
           1          10   119362.235003821156397690498365457      
  -21447.5244189281817990068996607756      
           1          11   197404.774821832385226735195041825      
  -62921.8684138508948364395035569632      
           1          12   162273.693656954148130679722572302      
  -30568.8422693821689390120618454494      
           1          13   282455.383809033144611098046100106      
  -64681.5542101424739018973115328148      
           1          14   104643.581025309425963515825425122      
  -37400.4557381015531246584699980110      
           1          15   89521.6762528658672982678737740926      
  -15694.1486059921365851707752516369      
           1          16   141922.185820687681189507186303546      
  -31296.2482036158148015924139616432      
           1          17   119362.235003821156397690498365457      
  -26351.8202496476835624970080123663      
           1          18   197404.774821832385226735195041825      
  -63319.3847807104408012584875036007      
           1          19   141922.185820687681189507186303546      
  -28114.5216270491547644211651883416      
           1          20   249786.930808657678738309397486505      
  -56348.0061822147224811214945272379      
           1          21   162273.693656954148130679722572302      
  -35292.5200542097708000400727742232      
           1          22   282455.383809033144611098046100106      
  -67133.7021255022247836423657086102      
           1          23   152605.222328576246196793912078303      
  -53056.7736079070613661940373440529      
           1          24   152311.185291334288111636313018421      
  -27009.0366648454187886145582078558      
           1          25   222200.832687644866904537692185605      
  -47255.3559340323929204940315845035      
           1          26   152311.185291334288111636313018421      
  -31095.9498571116702581896485008481      
           1          27   222200.832687644866904537692185605      
  -48536.9829216844312248084860023371      
           1          28   238724.470007642312795380996730914      
  -44298.7984557658853227324719533699      
           2           1   30172.2325289642178194803963309101      
  -10218.7717252799994261698754333101      
           2           2   163093.148805211988213407547734649      
  -53773.8679804675031908882932611913      
           2           3   104643.581025309425963515825425122      
  -34534.0936478499524318078323465745      
           2           4   197404.774821832385226735195041825      
  -60143.0065533300777241741026152928      
           2           5   104643.581025309425963515825425122      
  -37400.4557381015531246584699980109      
           2           6   197404.774821832385226735195041825      
  -61090.5059967510354091289471649692      
           2           7   152605.222328576246196793912078303      
  -53056.7736079070613661940373440529      
           2           8   1101980.73517035127171221316036925      
  -365010.556457779718801460671126264      
           2           9   565640.978515186086289274732027685      
  -186949.315614470698052295877417749      
           2          10   483900.952718193877287934452832933      
  -159560.704272068757662700910398544      
           2          11   1252063.86804363740557166785299532      
  -385228.316226412311013037745690640      
           2          12   754579.117020077921029881328460189      
  -227488.207637460180737649475998744      
           2          13   1585881.68788854514900014761320218      
  -461295.218665643852602886879640291      
           2          14   565640.978515186086289274732027685      
  -202443.164750965836932569594452541      
           2          15   362925.714538645407965950839624700      
  -120027.600208136293235195561367889      
           2          16   684640.837532366653965555589740433      
  -222239.675403245954023030033007378      
           2          17   483900.952718193877287934452832933      
  -179442.984666877548595768917229317      
           2          18   1252063.86804363740557166785299532      
  -388230.884875630360393100119013686      
           2          19   684640.837532366653965555589740434      
  -206772.347032469996565061904679595      
           2          20   1448233.89857342631837124982433115      
  -413058.823436202029796392541092213      
           2          21   754579.117020077921029881328460189      
  -250245.240274556673020296731133504      
           2          22   1585881.68788854514900014761320218      
  -474550.072262183046558265550860806      
           2          23   824893.093667979709171858984207041      
  -286922.383281817508935054478063274      
           2          24   617477.778208111978830958025750357      
  -202717.255176313907052581259100461      
           2          25   1051144.12099455044301442912036630      
  -334956.737166742532878724950596683      
           2          26   617477.778208111978830958025750357      
  -219285.822171987899496804598126105      
           2          27   1051144.12099455044301442912036630      
  -341017.272505412550508340567034832      
           2          28   967801.905436387754575868905665866      
  -324812.285373500441236423466601758      
           3           1   25812.0833195763250710005702715300      
  -4930.66691251560613551376841627460      
           3           2   104643.581025309425963515825425122      
  -34534.0936478499524318078323465745      
           3           3   89521.6762528658672982678737740926      
  -13242.0006906323857034257210758416      
           3           4   141922.185820687681189507186303546      
  -27408.7629970108114010098296168119      
           3           5   119362.235003821156397690498365457      
  -16457.1883104767589519467894082798      
           3           6   162273.693656954148130679722572302      
  -29262.9954967866375420862418701876      
           3           7   152311.185291334288111636313018421      
  -24938.6924819210677152113874673269      
           3           8   565640.978515186086289274732027685      
  -212761.398934047023123296447689279      
           3           9   362925.714538645407965950839624700      
  -110086.460010731897768661557952502      
           3          10   413973.069377414415252105774677885      
  -51878.7542789373851324578271523510      
           3          11   684640.837532366653965555589740433      
  -213123.892987729624636659210085354      
           3          12   562798.937538569299875189789268098      
  -82126.2306464206579777745176740161      
           3          13   979614.047892600501541380506705570      
  -202273.717791951859758171456977665      
           3          14   483900.952718193877287934452832933      
  -139329.611940508935309754517483020      
           3          15   413973.069377414415252105774677885      
  -34571.2302033833174547927048893597      
           3          16   656287.564488729161569975427993279      
  -92768.1375207803116952508766000425      
           3          17   689955.115629024025420176291129808      
  -90419.7737521236554753328632709091      
           3          18   754579.117020077921029881328460189      
  -230676.974391943366376479412538743      
           3          19   562798.937538569299875189789268098      
  -77597.2823021586993757196507077902      
           3          20   968764.828873352017645478903090468      
  -182641.056867608059865310845739940      
           3          21   855261.274752341645645463118517772      
  -119220.832942460452002798715959628      
           3          22   1255596.09414421011170945102315749      
  -237752.881500150020507869143108941      
           3          23   617477.778208111978830958025750357      
  -194323.967948242213511757593936154      
           3          24   593648.880739139421871943350492939      
  -73395.8426699403657149326809503936      
           3          25   883593.201172189025419039059017819      
  -149921.127178278590863505913806848      
           3          26   815009.480336784630027583243897086      
  -102531.419704445092485065007095338      
           3          27   1042837.44625917075275348933979211      
  -167283.696868539653474092064594440      
           3          28   1103928.18500643844067228206580769      
  -144736.513180266014877613942521979      
           4           1   40920.8969116316147429745720508559      
  -8867.15840612100110214489643045154      
           4           2   197404.774821832385226735195041825      
  -60143.0065533300777241741026152928      
           4           3   141922.185820687681189507186303546      
  -27408.7629970108114010098296168119      
           4           4   249786.930808657678738309397486505      
  -53515.1559084910469681868187907106      
           4           5   162273.693656954148130679722572302      
  -32314.2881251690424822233996310764      
           4           6   282455.383809033144611098046100106      
  -58465.1441440111756139646741924214      
           4           7   222200.832687644866904537692185605      
  -45933.2716561554936648267399174769      
           4           8   1252063.86804363740557166785299532      
  -413210.387168141800897453985341931      
           4           9   684640.837532366653965555589740434      
  -203486.221795171877426490189478405      
           4          10   656287.564488729161569975427993279      
  -120206.426779446596725222265952062      
           4          11   1448233.89857342631837124982433115      
  -414647.829222959084415965787029286      
           4          12   968764.828873352017645478903090468      
  -183530.881265141859769429529195521      
           4          13   1908351.43253236656714164328098860      
  -425070.080024127897317283284845541      
           4          14   754579.117020077921029881328460189      
  -236267.982893734702755717271636386      
           4          15   562798.937538569299875189789268098      
  -88179.8000884560575496057469883295      
           4          16   968764.828873352017645478903090468      
  -196436.115168518716563882923020672      
           4          17   855261.274752341645645463118517772      
  -162447.157780751914645501921125254      
           4          18   1585881.68788854514900014761320218      
  -451179.672499863941426413683182529      
           4          19   979614.047892600501541380506705570      
  -180713.914094386663383838610710404      
           4          20   1908351.43253236656714164328098860      
  -402548.908255609507850240468233295      
           4          21   1255596.09414421011170945102315749      
  -246010.395139538501781532873680327      
           4          22   2335124.80305330000064002779118799      
  -502047.458772581629467276031289745      
           4          23   1051144.12099455044301442912036630      
  -330502.138998730116212901152325918      
           4          24   883593.201172189025419039059017819      
  -156620.379910118366933015196912399      
           4          25   1398991.84685399396026834787321612      
  -295395.974200284055970155630033188      
           4          26   1042837.44625917075275348933979211      
  -191469.417038521614527025983972165      
           4          27   1639902.57400476433919944222810413      
  -332980.189114749147453180741707078      
           4          28   1511548.83924107080721543854651105      
  -271871.355777358309556205204914301      
           5           1   25812.0833195763250710005702715300      
  -5637.70289477766763975025903696226      
           5           2   104643.581025309425963515825425122      
  -37400.4557381015531246584699980110      
           5           3   119362.235003821156397690498365457      
  -16457.1883104767589519467894082798      
           5           4   162273.693656954148130679722572302      
  -32314.2881251690424822233996310764      
           5           5   89521.6762528658672982678737740926      
  -18146.2965213518874669158294274323      
           5           6   141922.185820687681189507186303546      
  -32002.0068336541581650037495331730      
           5           7   152311.185291334288111636313018421      
  -28514.7415251540377510895914736951      
           5           8   565640.978515186086289274732027685      
  -228255.248070542162003570164724071      
           5           9   483900.952718193877287934452832933      
  -139329.611940508935309754517483020      
           5          10   689955.115629024025420176291129808      
  -79080.3614267606456175522659261907      
           5          11   754579.117020077921029881328460189      
  -247686.828912137185288115700094207      
           5          12   855261.274752341645645463118517772      
  -114912.287110894902782169897366266      
           5          13   1255596.09414421011170945102315749      
  -253246.730636645159388142860143733      
           5          14   362925.714538645407965950839624700      
  -129968.740405540688701729564783276      
           5          15   413973.069377414415252105774677885      
  -45910.6425287463273125733022340782      
           5          16   562798.937538569299875189789268098      
  -103595.800985866701622020320632698      
           5          17   413973.069377414415252105774677885      
  -80227.2850923449097769093205141469      
           5          18   684640.837532366653965555589740434      
  -233256.016076241432903091483487059      
           5          19   656287.564488729161569975427993279      
  -96031.7612435009746474420237516253      
           5          20   968764.828873352017645478903090468      
  -206026.567747660579835711046327275      
           5          21   562798.937538569299875189789268098      
  -113924.929063464603302309360435519      
           5          22   979614.047892600501541380506705570      
  -237611.538497832265889561219365714      
           5          23   617477.778208111978830958025750357      
  -208821.464069456956900453015583593      
           5          24   815009.480336784630027583243897086      
  -100464.339332634127146407085704374      
           5          25   1042837.44625917075275348933979211      
  -182377.447358307731367534693625469      
           5          26   593648.880739139421871943350492939      
  -104402.048247104845794801501814858      
           5          27   883593.201172189025419039059017819      
  -176128.288897591880666247320215841      
           5          28   1103928.18500643844067228206580769      
  -167415.337830992034593175137211416      
           6           1   40920.8969116316147429745720508559      
  -9070.65214444872343859516485357594      
           6           2   197404.774821832385226735195041825      
  -61090.5059967510354091289471649693      
           6           3   162273.693656954148130679722572302      
  -29262.9954967866375420862418701876      
           6           4   282455.383809033144611098046100106      
  -58465.1441440111756139646741924213      
           6           5   141922.185820687681189507186303546      
  -32002.0068336541581650037495331729      
           6           6   249786.930808657678738309397486505      
  -55527.7522643551660881151688288654      
           6           7   222200.832687644866904537692185605      
  -46888.6700557599853995609535343559      
           6           8   1252063.86804363740557166785299532      
  -418773.765123902979155772695285723      
           6           9   754579.117020077921029881328460189      
  -221518.108314683041845284839713199      
           6          10   855261.274752341645645463118517772      
  -135923.701817496175721301592429879      
           6          11   1585881.68788854514900014761320218      
  -454493.385898998739915258350987658      
           6          12   1255596.09414421011170945102315749      
  -219177.133677680353043478559300817      
           6          13   2335124.80305330000064002779118799      
  -493059.053670604742991940576157187      
           6          14   684640.837532366653965555589740433      
  -225525.800640544073161601748208568      
           6          15   562798.937538569299875189789268098      
  -93013.2831995693434481342243521589      
           6          16   979614.047892600501541380506705570      
  -207547.175556244812121892925089915      
           6          17   656287.564488729161569975427993279      
  -150435.265808097919103419778501318      
           6          18   1448233.89857342631837124982433115      
  -422425.502059511255617466408159070      
           6          19   968764.828873352017645478903090468      
  -181244.907975448111608361175607565      
           6          20   1908351.43253236656714164328098860      
  -408815.100627548220182493988707922      
           6          21   968764.828873352017645478903090468      
  -215335.366677394643349428780360661      
           6          22   1908351.43253236656714164328098860      
  -444818.880049031939362539988019006      
           6          23   1051144.12099455044301442912036630      
  -335463.487776462005054845961398554      
           6          24   1042837.44625917075275348933979211      
  -171891.519995159316981039433600580      
           6          25   1639902.57400476433919944222810413      
  -330913.108742938182114522820316114      
           6          26   883593.201172189025419039059017819      
  -184480.603991833679402258893957827      
           6          27   1398991.84685399396026834787321612      
  -307195.543688430987801517880567194      
           6          28   1511548.83924107080721543854651105      
  -277510.132087199207369613779713714      
           7           1   37642.6215077154740618758316459813      
  -7901.20872959808624288380114264305      
           7           2   152605.222328576246196793912078303      
  -53056.7736079070613661940373440529      
           7           3   152311.185291334288111636313018421      
  -24938.6924819210677152113874673269      
           7           4   222200.832687644866904537692185605      
  -45933.2716561554936648267399174769      
           7           5   152311.185291334288111636313018421      
  -28514.7415251540377510895914736951      
           7           6   222200.832687644866904537692185605      
  -46888.6700557599853995609535343559      
           7           7   238724.470007642312795380996730914      
  -36856.3144319547115939273075250788      
           7           8   824893.093667979709171858984207041      
  -324565.004789532982996930309709255      
           7           9   617477.778208111978830958025750357      
  -194323.967948242213511757593936154      
           7          10   815009.480336784630027583243897086      
  -115260.283046649457991537470397592      
           7          11   1051144.12099455044301442912036630      
  -343989.680669922562720084195687149      
           7          12   1042837.44625917075275348933979211      
  -167004.686937959384760393709682057      
           7          13   1639902.57400476433919944222810413      
  -353977.373944197374314284890573189      
           7          14   617477.778208111978830958025750357      
  -208821.464069456956900453015583593      
           7          15   593648.880739139421871943350492939      
  -79488.2900815937372393981334711305      
           7          16   883593.201172189025419039059017819      
  -167311.356799080016046314546137063      
           7          17   815009.480336784630027583243897086      
  -144199.408252002972732748369871092      
           7          18   1051144.12099455044301442912036630      
  -345487.172724270564253071019846720      
           7          19   883593.201172189025419039059017819      
  -149959.048632276799796319107911098      
           7          20   1398991.84685399396026834787321612      
  -302787.371150734002772271636345435      
           7          21   1042837.44625917075275348933979211      
  -192639.322143115615933646294581864      
           7          22   1639902.57400476433919944222810413      
  -366379.856175063166346232418918975      
           7          23   967801.905436387754575868905665866      
  -294640.052844536223416943070270848      
           7          24   1103928.18500643844067228206580769      
  -130413.044979807476109891082718124      
           7          25   1511548.83924107080721543854651105      
  -238785.789382689284585582059326916      
           7          26   1103928.18500643844067228206580769      
  -155926.722711874248289897426743741      
           7          27   1511548.83924107080721543854651105      
  -246357.958936975496758402025071861      
           7          28   1811132.17852618806672796276421575      
  -210170.256179194857563137076513357      
           8           1   163093.148805211988213407547734649      
  -61216.3520042786769196934576894825      
           8           2   1101980.73517035127171221316036925      
  -365010.556457779718801460671126264      
           8           3   565640.978515186086289274732027685      
  -212761.398934047023123296447689279      
           8           4   1252063.86804363740557166785299532      
  -413210.387168141800897453985341931      
           8           5   565640.978515186086289274732027685      
  -228255.248070542162003570164724071      
           8           6   1252063.86804363740557166785299532      
  -418773.765123902979155772695285723      
           8           7   824893.093667979709171858984207041      
  -324565.004789532982996930309709255      
           8           8   8934978.93381365895982875535434528      
  -2813091.98761460313236091564836099      
           8           9   3821898.50348098706952212656775463      
  -1288981.50671274971418993930500712      
           8          10   2615680.82550375068804288893423207      
  -1003146.59591552061576294251822355      
           8          11   9776469.41201724671516851202463039      
  -2992520.31517942031567138950224277      
           8          12   4663569.30346817812823157431067212      
  -1573748.28775646856562965437637711      
           8          13   11550659.7593174096478716442885774      
  -3543623.66540850219117666868296308      
           8          14   3821898.50348098706952212656775463      
  -1393669.67655393308500259955524220      
           8          15   1961760.61912781301603216670067405      
  -757846.050140740450785012133194008      
           8          16   4342418.03945770198464162261154446      
  -1557173.96488059253806841997615428      
           8          17   2615680.82550375068804288893423207      
  -1110618.38183340597215790471730881      
           8          18   9776469.41201724671516851202463039      
  -3017074.35630790578047312206312029      
           8          19   4342418.03945770198464162261154446      
  -1457522.84986417361433674867443346      
           8          20   10781366.3555139757324080235130654      
  -3260364.64767932177148766577232921      
           8          21   4663569.30346817812823157431067212      
  -1716710.14164286730280630256178414      
           8          22   11550659.7593174096478716442885774      
  -3633183.48700673998817247051553414      
           8          23   5573601.98424310614305310124464217      
  -1976259.83378180169274470942429274      
           8          24   3337717.72004384853422139473378571      
  -1276262.21699301248370590195573734      
           8          25   6576012.41876079850414148157246526      
  -2315987.86942583098016007370376310      
           8          26   3337717.72004384853422139473378571      
  -1365822.03859125028070170378830839      
           8          27   6576012.41876079850414148157246526      
  -2352007.62390212859264973808906293      
           8          28   5231361.65100750137608577786846414      
  -2037054.68820597596618005609485073      
           9           1   104643.581025309425963515825425122      
  -34534.0936478499524318078323465745      
           9           2   565640.978515186086289274732027685      
  -186949.315614470698052295877417749      
           9           3   362925.714538645407965950839624700      
  -110086.460010731897768661557952502      
           9           4   684640.837532366653965555589740433      
  -203486.221795171877426490189478405      
           9           5   483900.952718193877287934452832933      
  -139329.611940508935309754517483020      
           9           6   754579.117020077921029881328460189      
  -221518.108314683041845284839713199      
           9           7   617477.778208111978830958025750357      
  -194323.967948242213511757593936154      
           9           8   3821898.50348098706952212656775463      
  -1288981.50671274971418993930500713      
           9           9   1961760.61912781301603216670067405      
  -614588.480928931905289263159877285      
           9          10   1678269.20017870708885988827572116      
  -489701.388554244226174883797067555      
           9          11   4342418.03945770198464162261154446      
  -1341180.25253183603696310145040426      
           9          12   2617037.40006963440819612021431279      
  -720728.464922128403031658464047686      
           9          13   5500167.70365969415838201484347578      
  -1559228.41411946345298467962733069      
           9          14   2615680.82550375068804288893423207      
  -774427.105065430149349325571666075      
           9          15   1678269.20017870708885988827572116      
  -419535.750410106113968133301406779      
           9          16   3165969.19090111747498522816064940      
  -813488.187833034881333850595417599      
           9          17   2797115.33363117848143314712620192      
  -806291.062637836990198814001049597      
           9          18   4663569.30346817812823157431067212      
  -1420779.94190276316540160403155635      
           9          19   2617037.40006963440819612021431279      
  -700022.918137930233462763771727878      
           9          20   5433870.33514495594131390779902047      
  -1471708.93576528588219307141711689      
           9          21   3861469.09666387222471395024999344      
  -1031764.28839833961497262485384091      
           9          22   6619013.83711216555095527369395655      
  -1844496.26764061196177626487839903      
           9          23   3337717.72004384853422139473378571      
  -1078581.91154993931158981339858753      
           9          24   2406684.65164515981839977033983624      
  -695709.808336753779362336212787435      
           9          25   4199979.32789970953100385656965844      
  -1211062.07631090314969435808356943      
           9          26   3304092.48785182958119290504282602      
  -940799.673802609041068763908384267      
           9          27   4756645.25250678113154926837921018      
  -1366823.21688595177786425055140297      
           9          28   4475384.53380988557029303540192308      
  -1305876.17476993922017027854986872      
          10           1   119362.235003821156397690498365457      
  -21447.5244189281817990068996607756      
          10           2   483900.952718193877287934452832933      
  -159560.704272068757662700910398544      
          10           3   413973.069377414415252105774677885      
  -51878.7542789373851324578271523510      
          10           4   656287.564488729161569975427993279      
  -120206.426779446596725222265952062      
          10           5   689955.115629024025420176291129808      
  -79080.3614267606456175522659261907      
          10           6   855261.274752341645645463118517772      
  -135923.701817496175721301592429879      
          10           7   815009.480336784630027583243897086      
  -115260.283046649457991537470397592      
          10           8   2615680.82550375068804288893423207      
  -1003146.59591552061576294251822355      
          10           9   1678269.20017870708885988827572116      
  -489701.388554244226174883797067555      
          10          10   1914326.33238110712255309028752779      
  -180466.510079290496153917751165791      
          10          11   3165969.19090111747498522816064940      
  -990419.348719617277024234983339052      
          10          12   2602538.43948471352543440364979467      
  -321122.595111321049403098752912571      
          10          13   4530007.15788485781059597922175986      
  -895213.404625874471465610244584879      
          10          14   2797115.33363117848143314712620192      
  -760320.472129608571856460228030468      
          10          15   2392907.91547638390319136285940974      
  -128005.439298170920128695539825547      
          10          16   3793569.73692907029809234351441201      
  -452220.037459960641618608593699710      
          10          17   4785815.83095276780638272571881948      
  -459351.135714142858944168410811525      
          10          18   3861469.09666387222471395024999344      
  -1162532.86372956453073373619790812      
          10          19   2966224.07428557796177617266537956      
  -312230.903931879707580806409177276      
          10          20   5015937.46635438899802791856134537      
  -848171.233524704465905520442019091      
          10          21   5595218.89160671602834779755105758      
  -622451.284856075523834612160083430      
          10          22   7401496.65645651849442561465305155      
  -1197834.34806689220305399263240524      
          10          23   3304092.48785182958119290504282602      
  -992403.173838572685013922543393404      
          10          24   3088346.77841170797505635269042569      
  -291480.907472411317093674671465807      
          10          25   4666977.63677287080469771814805898      
  -694106.680071348668693331337125360      
          10          26   5391520.64705772748187803944260757      
  -526245.195156612828324525592171197      
          10          27   6399923.48282437108632754315409740      
  -839626.009928409777359712297013272      
          10          28   6700142.16333387492893581600634727      
  -706289.138027990563535550068140880      
          11           1   197404.774821832385226735195041825      
  -62921.8684138508948364395035569632      
          11           2   1252063.86804363740557166785299532      
  -385228.316226412311013037745690640      
          11           3   684640.837532366653965555589740434      
  -213123.892987729624636659210085354      
          11           4   1448233.89857342631837124982433115      
  -414647.829222959084415965787029286      
          11           5   754579.117020077921029881328460189      
  -247686.828912137185288115700094207      
          11           6   1585881.68788854514900014761320218      
  -454493.385898998739915258350987658      
          11           7   1051144.12099455044301442912036630      
  -343989.680669922562720084195687148      
          11           8   9776469.41201724671516851202463039      
  -2992520.31517942031567138950224277      
          11           9   4342418.03945770198464162261154446      
  -1341180.25253183603696310145040426      
          11          10   3165969.19090111747498522816064940      
  -990419.348719617277024234983339052      
          11          11   10781366.3555139757324080235130654      
  -3092858.86455823105610769395359415      
          11          12   5433870.33514495594131390779902047      
  -1541192.69571566116837634906591603      
          11          13   12942438.6029183641901537401852798      
  -3526864.64911133084082528720677117      
          11          14   4663569.30346817812823157431067212      
  -1526530.70680687828038116033715300      
          11          15   2617037.40006963440819612021431279      
  -790781.486684013967946570223916342      
          11          16   5433870.33514495594131390779902047      
  -1624182.89127381698295651681788589      
          11          17   3861469.09666387222471395024999344      
  -1296437.17591986262747679021046607      
          11          18   11550659.7593174096478716442885774      
  -3305948.19239858794506347155314850      
          11          19   5500167.70365969415838201484347578      
  -1535638.24267445150146689282275508      
          11          20   12942438.6029183641901537401852798      
  -3430277.65072280597889158329528471      
          11          21   6619013.83711216555095527369395655      
  -2007050.92641101268374794062361871      
          11          22   15004412.8428064778956343677865707      
  -4115902.29513481460897667003237977      
          11          23   6576012.41876079850414148157246526      
  -2137457.97290921325839927142648437      
          11          24   4199979.32789970953100385656965844      
  -1303221.87146569278438562364387078      
          11          25   7861777.41664781306765465077758928      
  -2369484.24713172184140219123544118      
          11          26   4756645.25250678113154926837921018      
  -1551854.11392884392861573121434276      
          11          27   8877694.47209493572424600628746819      
  -2671349.81751459674728493651110116      
          11          28   7027438.28756498969969917841064284      
  -2216873.57310640809939902438889487      
          12           1   162273.693656954148130679722572302      
  -30568.8422693821689390120618454494      
          12           2   754579.117020077921029881328460189      
  -227488.207637460180737649475998744      
          12           3   562798.937538569299875189789268098      
  -82126.2306464206579777745176740161      
          12           4   968764.828873352017645478903090468      
  -183530.881265141859769429529195521      
          12           5   855261.274752341645645463118517772      
  -114912.287110894902782169897366266      
          12           6   1255596.09414421011170945102315749      
  -219177.133677680353043478559300817      
          12           7   1042837.44625917075275348933979211      
  -167004.686937959384760393709682057      
          12           8   4663569.30346817812823157431067212      
  -1573748.28775646856562965437637711      
          12           9   2617037.40006963440819612021431279      
  -720728.464922128403031658464047687      
          12          10   2602538.43948471352543440364979467      
  -321122.595111321049403098752912572      
          12          11   5433870.33514495594131390779902047      
  -1541192.69571566116837634906591603      
          12          12   3774945.65326752639523619134132569      
  -542010.904738810674611022225473989      
          12          13   7266107.74295289165366597796046680      
  -1457649.26962729289322342914785418      
          12          14   3861469.09666387222471395024999344      
  -1010653.84989113223315073433671206      
          12          15   2966224.07428557796177617266537956      
  -239358.945411875292763008622829487      
          12          16   5015937.46635438899802791856134537      
  -689735.259439055279796861879927920      
          12          17   5595218.89160671602834779755105758      
  -676932.102502338176196988515111512      
          12          18   6619013.83711216555095527369395655      
  -1841068.63589219142181214200935813      
          12          19   4354668.53460419691922352956008379      
  -580099.550180105170066387887992578      
          12          20   8135987.77638677228273396612595648      
  -1484724.64119680191237158607285272      
          12          21   7401496.65645651849442561465305155      
  -1001887.72520918037784783405967643      
          12          22   11459951.1257837067780240670041961      
  -2058565.88116840824015800955892517      
          12          23   4756645.25250678113154926837921018      
  -1372263.03607676273715929043752765      
          12          24   3997916.82729705203008333947814517      
  -481921.901387820174326923180050137      
          12          25   6341148.48203962188043683982842623      
  -1057436.02338400062077077640115635      
          12          26   6399923.48282437108632754315409740      
  -772613.580914736255194681038368793      
          12          27   8729238.36710157601609943417639328      
  -1353150.66934728965651887297922076      
          12          28   8197757.33109142955378220120085225      
  -1048184.41211134703705567184025140      
          13           1   282455.383809033144611098046100106      
  -64681.5542101424739018973115328149      
          13           2   1585881.68788854514900014761320218      
  -461295.218665643852602886879640291      
          13           3   979614.047892600501541380506705570      
  -202273.717791951859758171456977665      
          13           4   1908351.43253236656714164328098860      
  -425070.080024127897317283284845541      
          13           5   1255596.09414421011170945102315749      
  -253246.730636645159388142860143733      
          13           6   2335124.80305330000064002779118799      
  -493059.053670604742991940576157188      
          13           7   1639902.57400476433919944222810413      
  -353977.373944197374314284890573189      
          13           8   11550659.7593174096478716442885774      
  -3543623.66540850219117666868296309      
          13           9   5500167.70365969415838201484347578      
  -1559228.41411946345298467962733069      
          13          10   4530007.15788485781059597922175986      
  -895213.404625874471465610244584880      
          13          11   12942438.6029183641901537401852798      
  -3526864.64911133084082528720677117      
          13          12   7266107.74295289165366597796046680      
  -1457649.26962729289322342914785418      
          13          13   16080666.9172022674584676235103372      
  -3638600.27460132335544253915046892      
          13          14   6619013.83711216555095527369395655      
  -1933860.90731238585980814053762773      
          13          15   4354668.53460419691922352956008379      
  -698260.002060907966637477948719454      
          13          16   8135987.77638677228273396612595648      
  -1662411.15654180673920022561089379      
          13          17   7401496.65645651849442561465305155      
  -1370851.86996953484186387157914783      
          13          18   15004412.8428064778956343677865707      
  -4036102.22861461518112731137827593      
          13          19   8098698.73891317919297119465151906      
  -1533237.58894041581345457105654414      
          13          20   17395818.2269561818655414390280715      
  -3692575.97485272806597106524686768      
          13          21   11459951.1257837067780240670041961      
